physics
36477012 
2865929 
9910848 
9910913 
38066142 
20817602 
1060172 
4325366 
10105445 
59576986 
39526552 
23261866 
3379207 
3379285 
8563523 
6297349 
690990 
691546 
5330704 
40760614 
15149987 
9566137 
1890953 
1909958 
1896391 
1891242 
36230895 
28897409 
37699981 
1896280 
1890928 
5413728 
2999943 
55282750 
1909758 
38800115 
1890949 
3009037 
3013118 
22766393 
61328092 
22041360 
28126366 
28126341 
28126378 
28126296 
28126393 
28126487 
28126416 
28126388 
28126483 
1909761 
1282584 
1282651 
5420666 
2999987 
55698276 
55714055 
55714301 
55714503 
55720789 
55721103 
55721367 
44034201 
55282719 
692220 
54557526 
54557597 
54573812 
54582940 
23189744 
3009268 
55776753 
55780082 
55782850 
55797867 
55800078 
55806565 
55808207 
44033763 
3013186 
55859391 
55866307 
55866683 
27994432 
691661 
53984351 
53984390 
53984404 
53984429 
53984522 
53984538 
53984564 
44034309 
8753868 
693843 
3999930 
56119027 
38800178 
2177317 
36719080 
36719122 
23036646 
21453543 
3000082 
2207475 
38800154 
38800168 
3017100 
12692480 
5425679 
2207461 
2207478 
9368560 
693847 
23189699 
38661802 
792624 
9598018 
716003 
56154461 
56118983 
693870 
53616535 
9621911 
12741209 
39658580 
62366580 
1032712 
62366587 
693840 
31586302 
5413731 
1910189 
38661798 
38661743 
55282709 
1910213 
1910217 
57083714 
38661782 
38661731 
1910172 
57083653 
57082706 
7000539 
38661713 
22766354 
61328072 
1910205 
57082778 
38661688 
10595563 
694082 
61482558 
62164320 
36817283 
38603659 
704688 
38578343 
36892943 
38639821 
38639835 
38639852 
8706622 
38800801 
38666284 
38800084 
38800173 
38639969 
38666446 
38661778 
38661773 
59756463 
60521950 
59900647 
1479614 
59595610 
38639985 
38661755 
38661749 
38640013 
38545468 
38800187 
55081280 
1555650 
691675 
1670666 
693060 
41093818 
56756315 
49062151 
49326520 
62562106 
32608348 
691674 
62562090 
27465558 
24944520 
43285365 
43285370 
50542808 
61670758 
58699708 
27471198 
24944543 
43285354 
43285362 
27465515 
24944587 
43285389 
43285404 
38869614 
38804594 
2546825 
58844177 
36842920 
52727389 
38874900 
52729987 
54422023 
36843096 
715783 
792581 
53606176 
62373107 
715754 
913959 
1183851 
2821700 
715988 
702279 
4895958 
4912035 
4892910 
4448325 
3136826 
25965884 
4893151 
41609875 
56113364 
53576208 
27628408 
49444936 
52364585 
39085236 
34988334 
32424773 
38804641 
49308059 
59324789 
39517642 
49320574 
4895980 
4896081 
4907276 
4895882 
4896035 
4895732 
4895930 
4895543 
36112856 
39517696 
2656136 
2342932 
4061884 
9572147 
25250964 
60719742 
25250941 
13677640 
25794305 
37164303 
25624596 
25965867 
49320555 
3302832 
1181361 
38192846 
23325765 
49445929 
2577874 
995151 
48321685 
26792473 
62557271 
62409656 
1447741 
4165481 
5979610 
37837067 
2608794 
756930 
754816 
39662899 
15508945 
47084987 
37020177 
3387386 
36810003 
6220853 
36809998 
754819 
20978379 
849882 
1041109 
24561896 
24573948 
40612499 
756900 
37020134 
19269675 
44430797 
41821057 
10281784 
10973488 
14087585 
11033119 
11293501 
38683923 
52222144 
2620520 
31959315 
23962542 
51336340 
14016972 
14016979 
13392282 
35975361 
13391641 
22280791 
47702421 
50547476 
18440512 
56902592 
11154230 
52604981 
52604992 
47666383 
33855634 
754965 
35997102 
13517230 
39186277 
39186265 
38573441 
53194913 
53194901 
22525027 
29263095 
53194943 
39042968 
53194553 
53194540 
53194513 
53194846 
53194489 
21008339 
11027128 
21008377 
19802014 
24084622 
38661981 
38661957 
56315527 
33240478 
43011010 
53511929 
20951314 
50634970 
18581261 
1961904 
9114720 
38997006 
57076588 
20951791 
29569573 
17673463 
43815482 
23952954 
43815454 
21598831 
42492161 
24355662 
39038871 
20927572 
25585074 
14663519 
25383817 
34171365 
25396488 
47653575 
14664500 
9307497 
17063953 
39095147 
59302634 
53703247 
21910133 
16488106 
2174782 
61705299 
28802378 
34839597 
28802549 
53504851 
13375312 
24210821 
13929496 
24828575 
28750713 
21851977 
31522549 
20951070 
36690583 
21546104 
36276200 
11959906 
33356579 
3702815 
34777127 
34777061 
34777153 
34776984 
34777089 
23605687 
34776952 
34835258 
8585131 
52396737 
52396738 
13660634 
53194558 
53194534 
53194518 
53194478 
8585198 
1343522 
4382807 
32551842 
44970204 
5110230 
36256751 
36270913 
10386599 
36273090 
37412716 
37412823 
7871512 
6842511 
19304725 
25395530 
25395643 
25395721 
20925861 
33725914 
25396730 
25395796 
25541657 
20926600 
20927214 
45711292 
33796714 
26133712 
16087549 
26133532 
50977023 
53521965 
25395867 
25396364 
33336767 
17040507 
61725689 
36613394 
8697407 
56820047 
56848270 
20927958 
5904895 
57096504 
61168926 
38961009 
766252 
33229073 
33229049 
33229066 
33229037 
33229027 
33229039 
33292221 
33291834 
33335095 
33292789 
33311094 
33293221 
33292366 
33292388 
33266235 
33313656 
33291851 
33292795 
33313218 
33293256 
33292375 
33292452 
33292235 
33313683 
33291887 
33292189 
33333943 
33292801 
33313220 
33293280 
33292482 
33292267 
33313689 
33291784 
33291912 
33292195 
33333957 
33293285 
33292502 
33292274 
33291929 
33292176 
33292211 
33333963 
33293213 
33314371 
33292515 
33292294 
33291949 
33335674 
33313694 
33293292 
33292538 
33292326 
33291788 
33313652 
33291955 
33293217 
33314381 
46687009 
33316389 
33292342 
33291962 
33335716 
34758081 
34423695 
33292349 
33335828 
33314386 
33314724 
33292550 
40981691 
39975929 
36021338 
766251 
15481994 
33291965 
33291971 
47992329 
33291983 
33291988 
33291992 
5806521 
12112664 
10129356 
49404593 
49404591 
997356 
768013 
765698 
33229293 
33228757 
33292562 
33292582 
33292599 
33292614 
33292635 
33313212 
33292640 
51513431 
33313216 
51513203 
21489990 
770917 
18712215 
33314092 
768354 
4723491 
33229021 
59605593 
33228987 
33228887 
33228858 
33228806 
33228788 
33228780 
33267153 
33292069 
33292645 
33293188 
33292844 
33292906 
33293055 
33293137 
33266209 
33292097 
33292686 
15563912 
57261948 
33293194 
33292857 
33292933 
33293075 
33293145 
33292818 
33291999 
33292135 
48458691 
24872648 
33292723 
33293200 
33292866 
33292983 
33293101 
62250928 
33293156 
33292825 
33317756 
33292004 
33292159 
55125723 
48452096 
45618819 
33292745 
33293017 
33293119 
33293164 
33292830 
40477738 
33292015 
33292173 
33292756 
33293209 
33293026 
33293132 
33293173 
33292832 
33292022 
33292765 
33293032 
54325131 
33293179 
33292834 
33317759 
33292033 
33292779 
33293048 
33292836 
33292055 
40477867 
33265311 
33292064 
33292554 
33292784 
33293184 
42259626 
42259611 
801665 
777765 
790182 
804337 
33386209 
1427150 
780068 
55072937 
60925812 
798042 
26673278 
810310 
802925 
17561703 
27312363 
27297604 
759811 
754491 
754485 
754494 
33229318 
33229081 
33266358 
33266208 
33291807 
33291812 
33291818 
33291821 
33264773 
33291829 
33265307 
40857199 
26270201 
38984855 
38959230 
29418306 
10431950 
39005952 
39007475 
39007536 
55978437 
10185316 
29545703 
48127449 
27097422 
11442522 
28344460 
21599039 
48222289 
39008445 
39008496 
19245467 
55758512 
12076226 
18557255 
33402480 
42990702 
21440046 
22006181 
50181627 
39019849 
33243887 
55802371 
22823781 
29294294 
39029508 
27055322 
22165124 
38960191 
29766667 
39030004 
23917982 
39039067 
15979970 
39045052 
29206486 
17026623 
39045157 
39045350 
39123275 
29185467 
39057588 
22983156 
39069723 
33414715 
17026466 
16884960 
38913829 
11959763 
39155409 
29294374 
38962027 
27133040 
38975954 
47629688 
27007526 
46688429 
27253108 
44842846 
38931615 
17081769 
32042643 
40607646 
21625168 
36884308 
21226601 
49487187 
56706282 
48526408 
19594868 
38923335 
39805779 
29337692 
30126856 
48704482 
27037912 
39027726 
24069366 
38933573 
19437328 
5613017 
47447005 
19637684 
49635095 
16507680 
33349671 
7622420 
49070886 
16163975 
38969913 
42259630 
44914707 
33696442 
40607649 
49252032 
21255041 
46333394 
16725143 
37832215 
37220946 
1492803 
735378 
47234008 
59838178 
38247678 
58231009 
46878633 
46878662 
36235338 
36235331 
18386199 
36460432 
36460530 
58539920 
44427281 
8106031 
21904622 
37477762 
57408371 
32995410 
37480993 
37481017 
37477714 
38132997 
37481007 
8106139 
27063878 
21904645 
58160183 
38534261 
21904680 
58041708 
53135006 
36493999 
2842424 
2889710 
16407839 
58058758 
58058519 
12017920 
60398887 
57465062 
50948937 
51135764 
3934435 
40379556 
34534877 
6339199 
50451878 
43823779 
37023851 
37191289 
21904713 
45568463 
32410051 
58231171 
58230785 
16474914 
58231092 
58230939 
58230842 
58230882 
59465964 
43186685 
14256908 
20609819 
57408868 
22232149 
25367029 
27506299 
30579112 
30628140 
32995527 
30561454 
58267318 
30628223 
2843030 
42580720 
24290449 
62333809 
12857741 
46319647 
34531134 
50949201 
46220424 
32995228 
30859784 
3390815 
16345488 
28250222 
18312145 
37024145 
29514411 
49442371 
5610381 
12859801 
49455533 
56009542 
58107158 
16073394 
49439505 
42352267 
2870505 
21904758 
21182884 
61494324 
50680922 
8348508 
5866658 
58085907 
48905354 
48905691 
33936221 
33929627 
14252586 
26219521 
1811520 
61494317 
52441369 
32123993 
36778704 
15655902 
58122275 
58119349 
45234651 
10982273 
17618522 
17653335 
50043309 
17936937 
19016260 
19462176 
38249642 
19006492 
19006461 
19017027 
19006617 
19015860 
19006665 
19006524 
19006597 
27481794 
24755559 
19015232 
44647900 
19006699 
42214991 
28328097 
19006429 
19006717 
28316062 
20065993 
19006561 
19006568 
61532485 
19016645 
19006643 
28283816 
19007484 
19015749 
56441946 
53931769 
19015335 
19007316 
33804263 
19007312 
19006782 
18496860 
20808320 
19007127 
19006935 
28630676 
19007326 
19015452 
38678815 
34052539 
19007205 
35919581 
19006792 
18496745 
19006816 
33097076 
26902619 
31657234 
44879177 
56145610 
62143759 
27661261 
38528978 
19006774 
21541322 
19015631 
19007466 
21139438 
19006859 
48610942 
26848110 
30705542 
16660717 
40680456 
19006796 
19017096 
19006849 
32380404 
19016841 
19007115 
36205932 
16660799 
33804265 
16660870 
33804268 
18495687 
57108822 
19017056 
19015994 
19007599 
16660893 
47902431 
19007706 
19016947 
19016240 
25441493 
18495927 
17936916 
19007181 
41466612 
19006802 
16660966 
33804275 
19006754 
19007392 
19007091 
43348901 
16661116 
55324850 
55325077 
37878893 
55325075 
23016658 
33804276 
19015671 
19007476 
19006745 
31376441 
16660765 
33804258 
19006872 
19015486 
19015407 
19006825 
16660935 
19015359 
19007416 
19007362 
16661074 
19016340 
19006884 
16664456 
16661636 
11687058 
19231025 
19007456 
17938234 
40545841 
19015535 
19007399 
33804272 
37903236 
20303787 
19007469 
19007428 
19015285 
17354672 
31332096 
19007102 
52439512 
19007300 
24012963 
19007155 
16661013 
17938174 
32964199 
8710220 
8723735 
8739951 
33859534 
8709063 
31466212 
51267219 
37296023 
8736366 
13606985 
27814329 
46240114 
8707899 
26902964 
26163888 
30158340 
36029376 
56417459 
59171213 
37459647 
8726557 
53941410 
8724565 
8722862 
43382236 
62437494 
26361249 
31476137 
8735467 
8740357 
25071026 
38276820 
11578687 
8728058 
9058872 
38615144 
11228904 
20808241 
24930221 
8745474 
22701880 
22474403 
8751092 
32986691 
33850858 
8728317 
32964185 
60429147 
8704215 
31509979 
26938109 
8737152 
8707395 
11950136 
8723105 
8736910 
56682864 
21358810 
8735667 
9359048 
42153912 
8710295 
8722769 
42292718 
33658621 
34391517 
8743911 
8722223 
9359053 
58351044 
8726110 
38028911 
8710375 
19065823 
40809641 
8726619 
8728138 
42299409 
47249051 
59134668 
28203550 
9359055 
9035861 
9359061 
59442576 
8723452 
31476246 
42314323 
8725694 
13888234 
52439641 
26932098 
8707759 
8735555 
8743303 
8745990 
57718673 
8745607 
8736733 
29574205 
8722167 
8751183 
8728703 
21281998 
8725969 
26019371 
59180592 
56386723 
32964149 
59905592 
8723565 
34917098 
8725421 
39027038 
17354103 
8744513 
29612766 
8707651 
22766619 
11931272 
8721921 
11686366 
9359033 
29767974 
16798751 
9359041 
8726422 
11516455 
8709246 
49309411 
57212825 
8739468 
8735304 
31436466 
8728545 
36684697 
9359057 
42479819 
8746138 
8723519 
8736180 
34399294 
8723322 
36807431 
8709179 
8735595 
8726056 
8737269 
43335376 
8737464 
34304647 
30733708 
44878320 
33999278 
34304644 
2847047 
37905812 
56386426 
55417287 
27329304 
8707051 
22875101 
47757167 
42693572 
59171313 
44301915 
32964241 
56387450 
37265935 
31458283 
8727907 
8742941 
8708014 
8722606 
22791108 
37214063 
56387750 
38063174 
8745813 
26852393 
8736089 
8723625 
33859526 
8735358 
8723196 
47886341 
59116941 
58875563 
50397815 
50397811 
50397806 
50397666 
50397667 
50397672 
50397663 
50397640 
50397497 
50397493 
50397499 
50397504 
50397487 
50397279 
50397281 
50397276 
50397285 
50397287 
50373274 
50373275 
50373277 
50373273 
50373284 
50373282 
50373270 
50373259 
50373264 
50373266 
50372552 
50372555 
50372550 
50372557 
50372559 
50372549 
50372561 
50372565 
50372544 
48187798 
48187803 
48187797 
48187808 
48187810 
48187789 
48187812 
48187813 
48187786 
48187815 
48187819 
48187648 
48187646 
48187652 
48187657 
48187643 
43189247 
43189176 
30674780 
62393533 
43189168 
43189209 
42543861 
42528811 
42528807 
42528805 
42528802 
42528801 
42528798 
42528794 
42528791 
47886512 
42528785 
32394838 
47886422 
32394844 
19230513 
19381411 
27253795 
3519601 
7878921 
7771855 
7771912 
7772304 
7876469 
7879726 
7773148 
8709236 
7772169 
15765268 
7771877 
7792594 
7867788 
7771863 
27060121 
7867516 
17978372 
7795152 
7877245 
24429528 
7877208 
7771903 
7772012 
7771843 
19988284 
7772204 
53163130 
7794781 
21266776 
25282463 
7772348 
7771989 
7795043 
7772173 
7771829 
29372778 
7772000 
7867547 
24367571 
7868056 
7771940 
21266945 
7867566 
7877237 
7818512 
7772035 
7877475 
23681948 
34115512 
3359367 
28043444 
10407456 
6042475 
18020939 
18020807 
10416463 
20737138 
38284651 
19573873 
26403496 
26404228 
14893198 
7651999 
27166454 
52581587 
18197063 
28593853 
32311787 
19547897 
7794705 
23705170 
40692175 
29668340 
26979755 
21963482 
23854510 
9580192 
3829563 
36706444 
31084822 
5455356 
36227838 
35813645 
35700292 
35700230 
12409541 
12385898 
6099907 
14202683 
12492841 
39326884 
27856116 
1113488 
34120387 
42596888 
34312499 
19457551 
3059840 
48986409 
32565062 
28982859 
28982923 
28984878 
41427536 
62311376 
18302120 
2941093 
18342187 
18392823 
18301207 
41893125 
18301294 
18392784 
8659887 
13215096 
18359384 
37547390 
13215019 
11468186 
29114132 
19457989 
19457754 
18361594 
37547328 
34568107 
56075100 
34502818 
11612711 
12369358 
12369298 
14202680 
60346970 
2099114 
21053407 
59963832 
767677 
8086769 
6308098 
38991530 
24812597 
39658891 
26042820 
24255274 
13641288 
40533970 
23156991 
38991885 
38992359 
38992381 
38992356 
38992211 
38991907 
40692168 
38209490 
40692172 
38202967 
40692190 
38202563 
48750087 
48750071 
40692177 
40534469 
48749136 
38193916 
48750099 
38209358 
48750059 
38209160 
48748903 
38202142 
38193697 
61537569 
61537608 
38193088 
22327913 
49952115 
17374094 
34585027 
43246082 
43206026 
37725583 
43230734 
43230854 
43230766 
48537212 
43246062 
51443093 
61052905 
59084708 
36908159 
34153844 
42017648 
20073167 
53883538 
41689584 
51452937 
34351166 
10896370 
26031867 
24970433 
23728007 
23715034 
23728448 
24970458 
38759692 
38758334 
15777960 
2867197 
33898191 
38597559 
38758321 
38758316 
physics
5389550 
9679176 
54487255 
33031022 
38813742 
